Data of deaths:
 [323, 382, 333, 260, 415, 420, 464, 437, 534, 454, 433, 480, 575, 525, 578, 604, 564, 431, 619, 570, 612, 540, 604, 636, 527, 681, 764, 760, 727, 839, 810, 758, 887, 971, 660, 685, 743, 601, 649, 795, 625, 429, 473, 347, 347, 370, 173, 252, 189, 196, 167, 98, 133, 36, 49, 41, 27, 28, 17, 6, 8, 453, 632, 0, 288, 378, 367, 440, 435, 430, 399, 410, 565, 585, 617, 787, 517, 619, 510, 605, 683, 757, 743, 637, 674, 809, 932, 950, 864, 849, 812, 838, 832, 769, 655, 738, 514, 462, 394, 324, 235, 169, 107, 182, 21, 152, 15, 37, 37, 12, 7, 23, 0, 0, 2, 2, 1, 0, 0, 0, 0]
              porcentaje             muertes     poblacion
 Deaths ESP 0.05195430700563005 24275 46723749
 Deaths ITA 0.0457726505657674 27661 60431283
 Deaths total 0.04846809247371603 51936 107155032
Promedio 429.22314049586777
desviacion 284.3177272753668
0.04966233837382758
0.07185046914599802
0.09447188002239976
0.11288777016101392
0.12259229991328469
0.1209906247307988
0.10852066123911508
0.08845960129178898
0.06553128720000923
0.04411869225568166
0.026993892228881045

Tabla de frecuencias
        Rango        | Observada  |   Esperada 
[ 0.         88.27272727] 25 6.009142943233138
[ 88.27272727 176.54545455] 7 8.69390676666576
[176.54545455 264.81818182] 6 11.43109748271037
[264.81818182 353.09090909] 6 13.659420189482685
[353.09090909 441.36363636] 16 14.833668289507447
[441.36363636 529.63636364] 11 14.639865592426656
[529.63636364 617.90909091] 14 13.131000009932924
[617.90909091 706.18181818] 13 10.703611756306467
[706.18181818 794.45454545] 10 7.929285751201117
[794.45454545 882.72727273] 9 5.33836176293748
[882.72727273 971.        ] 4 3.2662609596946064
Power_divergenceResult(statistic=71.98672842156273, pvalue=1.8303533577533728e-11)
